-2092180513 0 30 /invList/1.0.txt
-1931413465 30 59 /invList/1.0.txt
-1867613269 59 93 /invList/1.0.txt
-1852922902 93 123 /invList/1.0.txt
-1730057679 123 153 /invList/1.0.txt
-1603157330 153 183 /invList/1.0.txt
-1486088403 183 216 /invList/1.0.txt
-1413853096 216 246 /invList/1.0.txt
-1377729393 246 289 /invList/1.0.txt
-1289153612 289 324 /invList/1.0.txt
-1240037869 324 354 /invList/1.0.txt
-1224577496 354 384 /invList/1.0.txt
-1109880953 384 417 /invList/1.0.txt
-1095396929 417 447 /invList/1.0.txt
-1081434779 447 477 /invList/1.0.txt
-1081306052 477 507 /invList/1.0.txt
-1077780025 507 537 /invList/1.0.txt
-1077545552 537 571 /invList/1.0.txt
-977343923 571 600 /invList/1.0.txt
-934918565 600 630 /invList/1.0.txt
-934873754 630 659 /invList/1.0.txt
-906021636 659 688 /invList/1.0.txt
-899644285 688 718 /invList/1.0.txt
-734452820 718 747 /invList/1.0.txt
-733902135 747 777 /invList/1.0.txt
-677674796 777 809 /invList/1.0.txt
-631448035 809 839 /invList/1.0.txt
-314497661 839 870 /invList/1.0.txt
-309387644 870 899 /invList/1.0.txt
-80148248 899 927 /invList/1.0.txt
0 927 1011 /invList/1.0.txt
50 1011 1032 /invList/1.0.txt
101 1032 1054 /invList/1.0.txt
1573 1054 1078 /invList/1.0.txt
1605 1078 1101 /invList/1.0.txt
1722 1101 1129 /invList/1.0.txt
1761 1129 1152 /invList/1.0.txt
48756 1152 1177 /invList/1.0.txt
50740 1177 1202 /invList/1.0.txt
51599 1202 1227 /invList/1.0.txt
100304 1227 1258 /invList/1.0.txt
101251 1258 1283 /invList/1.0.txt
113879 1283 1311 /invList/1.0.txt
115027 1311 1364 /invList/1.0.txt
1539141 1364 1391 /invList/1.0.txt
1539176 1391 1418 /invList/1.0.txt
3049896 1418 1445 /invList/1.0.txt
3059626 1445 1471 /invList/1.0.txt
3135542 1471 1498 /invList/1.0.txt
3151468 1498 1524 /invList/1.0.txt
3347527 1524 1550 /invList/1.0.txt
3433459 1550 1576 /invList/1.0.txt
3493088 1576 1603 /invList/1.0.txt
3522631 1603 1635 /invList/1.0.txt
3526482 1635 1661 /invList/1.0.txt
3529276 1661 1688 /invList/1.0.txt
3536084 1688 1720 /invList/1.0.txt
93031046 1720 1748 /invList/1.0.txt
93921311 1748 1775 /invList/1.0.txt
93922211 1775 1802 /invList/1.0.txt
94431515 1802 1830 /invList/1.0.txt
94631255 1830 1862 /invList/1.0.txt
96757556 1862 1890 /invList/1.0.txt
98615419 1890 1917 /invList/1.0.txt
103162876 1917 1945 /invList/1.0.txt
106857100 1945 1974 /invList/1.0.txt
106934601 1974 2009 /invList/1.0.txt
111972721 2009 2038 /invList/1.0.txt
113097447 2038 2080 /invList/1.0.txt
519966726 2080 2108 /invList/1.0.txt
530022616 2108 2136 /invList/1.0.txt
554033078 2136 2164 /invList/1.0.txt
823466996 2164 2192 /invList/1.0.txt
848184146 2192 2223 /invList/1.0.txt
949444906 2223 2251 /invList/1.0.txt
1062776428 2251 2295 /invList/1.0.txt
1126940025 2295 2325 /invList/1.0.txt
1453252644 2325 2354 /invList/1.0.txt
1457193001 2354 2383 /invList/1.0.txt
1475610601 2383 2416 /invList/1.0.txt
1481881795 2416 2445 /invList/1.0.txt
1534522492 2445 2477 /invList/1.0.txt
1916760194 2477 2506 /invList/1.0.txt
1984153269 2506 2535 /invList/1.0.txt
