-2092180513=-1217349776|1|29,;
-1931413465=-1217349776|1|8,;
-1867613269=-1217349776|2|68,109,;
-1852922902=-1217349776|1|64,;
-1730057679=-1217349776|1|15,;
-1603157330=-1217349776|1|41,;
-1486088403=-1217349776|2|52,66,;
-1413853096=-1217349776|1|78,;
-1377729393=-1217349776|4|115,132,142,138,;
-1289153612=-1217349776|3|5,40,50,;
-1240037869=-1217349776|1|63,;
-1224577496=-1217349776|1|91,;
-1109880953=-1217349776|2|72,89,;
-1095396929=-1217349776|1|57,;
-1081434779=-1217349776|1|26,;
-1081306052=-1217349776|1|60,;
-1077780025=-1217349776|1|21,;
-1077545552=-1217349776|2|10,126,;
-977343923=-1217349776|1|17,;
-934918565=-1217349776|1|139,;
-934873754=-1217349776|1|53,;
-906021636=-1217349776|1|58,;
-899644285=-1217349776|1|116,;
-734452820=-1217349776|1|48,;
-733902135=-1217349776|1|120,;
-677674796=-1217349776|2|28,56,;
-631448035=-1217349776|1|108,;
-314497661=-1217349776|2|4,49,;
-309387644=-1217349776|1|42,;
-80148248=-1217349776|1|24,;
0=-1217349776|21|1,2,3,18,19,20,44,45,46,69,70,71,85,86,87,100,101,102,123,124,125,;
50=-1217349776|1|33,;
101=-1217349776|1|22,;
1573=-1217349776|1|117,;
1605=-1217349776|1|38,;
1722=-1217349776|2|113,145,;
1761=-1217349776|1|75,;
48756=-1217349776|1|136,;
50740=-1217349776|1|131,;
51599=-1217349776|1|141,;
100304=-1217349776|3|43,47,84,;
101251=-1217349776|1|37,;
113879=-1217349776|2|23,88,;
115027=-1217349776|9|11,35,77,94,99,112,119,127,135,;
1539141=-1217349776|1|128,;
1539176=-1217349776|1|111,;
3049896=-1217349776|1|114,;
3059626=-1217349776|1|97,;
3135542=-1217349776|1|143,;
3151468=-1217349776|1|62,;
3347527=-1217349776|1|55,;
3433459=-1217349776|1|32,;
3493088=-1217349776|1|110,;
3522631=-1217349776|3|25,73,90,;
3526482=-1217349776|1|51,;
3529276=-1217349776|1|105,;
3536084=-1217349776|3|6,80,104,;
93031046=-1217349776|1|106,;
93921311=-1217349776|1|67,;
93922211=-1217349776|1|74,;
94431515=-1217349776|1|107,;
94631255=-1217349776|3|7,39,81,;
96757556=-1217349776|1|130,;
98615419=-1217349776|1|65,;
103162876=-1217349776|1|95,;
106857100=-1217349776|1|129,;
106934601=-1217349776|3|14,54,140,;
111972721=-1217349776|1|144,;
113097447=-1217349776|5|12,31,79,103,133,;
519966726=-1217349776|1|13,;
530022616=-1217349776|1|59,;
554033078=-1217349776|1|92,;
823466996=-1217349776|1|83,;
848184146=-1217349776|2|16,27,;
949444906=-1217349776|1|61,;
1062776428=-1217349776|5|34,76,118,137,146,;
1126940025=-1217349776|1|121,;
1453252644=-1217349776|1|93,;
1457193001=-1217349776|1|82,;
1475610601=-1217349776|2|36,122,;
1481881795=-1217349776|1|98,;
1534522492=-1217349776|2|9,134,;
1916760194=-1217349776|1|96,;
1984153269=-1217349776|1|30,;
